7685
7899
8011
7852
7556
7871
8028
7512
7371
7877
7297
7902
7911
7251
7908
7753
7490
7823
7408
7879
7868
7271
7857
7128
7761
7649
7756
7870
7763
7863
7229
7175
7407
7905
7895
7890
7332
7122
6528
7942
6252
7643
7513
8038
6781
6516
7189
6566
7258
6606
6339
5661
7808
7683
6559
7036
7324
7921
7912
6057
6446
7073
6237
5087
5266
5758
7566
7628
7266
7904
6487
6957
7306
6579
7250
7135
6348
7941
7551
6283
7568
7804
7813
5632
5550
6048
7528
6396
5772
6890
4821
7005
6098
6907
6058
5107
5267
5291
5070
5937
7244
6477
6825
7886
6679
7928
4742
7898
4908
6512
7074
7717
7724
7847
7670
7849
7772
4887
7892
4467
4647
8035
4767
6844
7762
7682
5664
8019
7086
4117
4840
7087
7582
4519
4528
4249
8005
4673
7121
4962
7415
4459
8023
6651
4520
6517
4759
5230
7141
5988
7885
7966
3967
7544
7402
4130
8030
6047
3948
7967
4627
6146
4124
7273
6659
7115
7714
7536
3969
6746
5088
6627
6788
8022
6595
4186
6294
5315
7815
7552
6740
7565
7534
4503
4983
6751
7814
3932
7497
7944
5740
3541
5124
4914
5466
7916
3108
6033
6845
3652
7805
7259
7197
3591
6373
6527
4090
3429
4613
7533
3531
6177
6111
3546
7943
3411
4946
4226
5633
6395
3851
7542
7541
5751
6144
5973
7430
3457
7267