7389
7483
7440
6587
7283
7262
7294
7337
7299
6207
7535
5675
7264
7289
7421
7307
7391
7256
7228
7462
7388
7265
7353
7441
7377
4235
6047
7278
7057
3815
7493
7488
7480
7439
4822
7047
7375
7494
7346
7266
7254
7394
7525
7556
7403
7359
7521
7537
7526
7435
7090
7381
7060
7530
7340
7281
7416
7288
7259
7290
7491
7345
7640
7906
6697
7965
7698
7930
7975
7705
5591
5758
7761
7818
7926
7730
7665
7940
7736
7957
7911
7808
7823
7734
7690
7916
7739
7789
7611
7948
7814
7923
7939
7914
7702
7683
7897
3802
7600
7847
7805
7927
7807
7733
7793
7968
7762
7967
7894
7764
7875
7871
7718
7947
7792
7720
7660
7849
7942
7801
7790
7970
7748
7943
7905
7806
7784
7664
7890
7829
7779
7845
7886
7763
2831
7727
7707
7830
7945
7900
7704
7879
7753
7951
7839
7817
7904
7856
7963
7928
7788
7809
7771
7685
7758
7643
7956
7785
7798
7887
7772
7782
7902
7893
7769
7885
7691
7768
7816
7964
7952
7929
7962
7954
7971
7966
7812
7869
7950
7649
7958
7990
7986
7993
7999
8000
7983
7998
6227
7997
7995
7979
7980
8003
8004
7135
7991
8011
8006
7989
8012
7994
6498
8007
7981
8005
8016
8015
5031
8020
8021
8024
8028
8029
8022
8023
8026
8025
6229
8018
8031
8019
8017
8034
8040
6528
6527
8032
5553
8009
8035
8014
8030
7984
7977
8037
8038
8205
8107
8206
8108
8109
8212
8111
8112
8213
8215
8114
8216
8115
8217
3609
8119
8120
4192
8121
8122
4347
8124
8125
8126
8127
8130
8131
8219
8134
4919
8135
8137
8139
8140
8141
5016
5225
8143
5236
8144
5716
5917
6062
6213
8145
8146
8147
8148
8149
8150
8152
8153
8154
6789
6974
8036
8155
8156
8158
8039
8159
8042
8043
8044
8162
8048
8050
8052
8164
8055
8056
8165
8057
8166
8058
8167
8059
8168
8060
8061
8062
8063
8064
8067
8069
8070
8072
8073
8074
8075
8078
8080
8081
8083
8084
8085
8086
8088
8089
8091
8093
8169
8094
8095
8096
8097
8098
8099
8100
8101
8170
8171
8104
8105
8106
8172
8173
8174
8175
8176
8177
8178
8179
5228
8184
8186
6159
8189
8193
8194
8195
8196
8199
8200
8301
8268
8246
8243
8241
8240
8286
8288
8233
8220
8284
8295
8293
8307
8294
8311
8282
8263
8314
8270
8315
8228
8224
8321
8252
8253
8289
8123
8323
8324
8287
8325
8291
8292
8259
8257
8322
8309
8236
8247
8232
8308
8296
8267
8234
8223
8235
8312
8313
8316
8276
8281
8318
8298
8244
8317
8305
8239
8238
8332
8302
8255
8068
8242
4986
8299
8303
8334
8333
8285
8290
8277
5943
5942
7563
8221
8273
8297
8330
8331
8274
8342
8222
8310
8329
8328
8264
8326
6188
8350
8351
8341
8347
8348
8352
8260
8113
8327
8356
8254
8361
8364
8368
8367
8365
8369
8339